Sample Names	MutationTypes	ID83A	ID83B	ID83C
Biliary-AdenoCA::SP117655	1:Del:C:0	0.013024517736649734	0.4322946519263916	0.5546808303369587
Biliary-AdenoCA::SP117655	1:Del:C:1	0.01698089403291358	0.3105166842873324	0.6725024216797539
Biliary-AdenoCA::SP117655	1:Del:C:2	0.03965893751337275	0.17578153201752458	0.7845595304691027
Biliary-AdenoCA::SP117655	1:Del:C:3	0.1902620252218002	0.22155630490110997	0.5881816698770898
Biliary-AdenoCA::SP117655	1:Del:C:4	0.6062587448778807	0.11790105171863254	0.27584020340348675
Biliary-AdenoCA::SP117655	1:Del:C:5	0.8834202636313655	0.050288996021490916	0.06629074034714344
Biliary-AdenoCA::SP117655	1:Del:T:0	0.02431371433913986	0.20532819413865297	0.7703580915222072
Biliary-AdenoCA::SP117655	1:Del:T:1	0.041006422126441046	0.19521861226723608	0.7637749656063229
Biliary-AdenoCA::SP117655	1:Del:T:2	0.06932205215586208	0.2628775299537461	0.6678004178903918
Biliary-AdenoCA::SP117655	1:Del:T:3	0.24097617382969277	0.21825845863481305	0.5407653675354942
Biliary-AdenoCA::SP117655	1:Del:T:4	0.5700190294435996	0.17334657955052793	0.25663439100587243
Biliary-AdenoCA::SP117655	1:Del:T:5	0.8761569333566744	0.12384306654530781	9.80178179375811e-11
Biliary-AdenoCA::SP117655	1:Ins:C:0	0.10981462322038027	0.7636533514568549	0.12653202532276486
Biliary-AdenoCA::SP117655	1:Ins:C:1	0.07671697502110562	0.12843660162568024	0.7948464233532141
Biliary-AdenoCA::SP117655	1:Ins:C:2	0.07617689345050051	0.6726791888163861	0.25114391773311334
Biliary-AdenoCA::SP117655	1:Ins:C:3	0.2168736607284724	0.2675897942974068	0.5155365449741207
Biliary-AdenoCA::SP117655	1:Ins:C:4	0.5661612206758263	0.4338382925528984	4.867712752071199e-07
Biliary-AdenoCA::SP117655	1:Ins:C:5	0.342771357849896	0.6552273325679782	0.0020013095821258486
Biliary-AdenoCA::SP117655	1:Ins:T:0	0.06465700964472504	0.5786387482677203	0.35670424208755463
Biliary-AdenoCA::SP117655	1:Ins:T:1	0.02385852288799969	0.28855168799402925	0.6875897891179711
Biliary-AdenoCA::SP117655	1:Ins:T:2	0.2749782160161815	0.21260144819843033	0.5124203357853881
Biliary-AdenoCA::SP117655	1:Ins:T:3	0.2189859421411793	0.2853763467010822	0.4956377111577384
Biliary-AdenoCA::SP117655	1:Ins:T:4	0.1734748952245674	0.692174074462784	0.1343510303126486
Biliary-AdenoCA::SP117655	1:Ins:T:5	0.20520226805136715	0.7709468979624495	0.023850833986183272
Biliary-AdenoCA::SP117655	2:Del:R:0	0.10008865016629064	0.4575957558791993	0.44231559395451
Biliary-AdenoCA::SP117655	2:Del:R:1	0.14958539687455757	0.33037250961518727	0.5200420935102552
Biliary-AdenoCA::SP117655	2:Del:R:2	0.24181723758749615	0.24275966320198403	0.5154230992105198
Biliary-AdenoCA::SP117655	2:Del:R:3	0.9072382690540531	0.07645301555911133	0.016308715386835437
Biliary-AdenoCA::SP117655	2:Del:R:4	0.8977001645896925	0.0	0.10229983541030756
Biliary-AdenoCA::SP117655	2:Del:R:5	0.986165937065847	0.0	0.013834062934152982
Biliary-AdenoCA::SP117655	3:Del:R:0	0.0400980661937971	0.4516621628665062	0.5082397709396967
Biliary-AdenoCA::SP117655	3:Del:R:1	0.15987675424085582	0.3788691958410565	0.46125404991808755
Biliary-AdenoCA::SP117655	3:Del:R:2	0.2618298008096943	0.31658025362886416	0.4215899455614416
Biliary-AdenoCA::SP117655	3:Del:R:3	0.601114148021748	0.3414231746847456	0.0574626772935065
Biliary-AdenoCA::SP117655	3:Del:R:4	0.8908800856836432	0.10898391530432047	0.00013599901203631897
Biliary-AdenoCA::SP117655	3:Del:R:5	0.8128256426636316	0.04073640806366809	0.1464379492727005
Biliary-AdenoCA::SP117655	4:Del:R:0	0.01810256892911613	0.3755850799335037	0.6063123511373802
Biliary-AdenoCA::SP117655	4:Del:R:1	0.1341717033077792	0.5550114646731666	0.3108168320190542
Biliary-AdenoCA::SP117655	4:Del:R:2	0.26113748789438807	0.6880680329627962	0.05079447914281582
Biliary-AdenoCA::SP117655	4:Del:R:3	0.20240190976236314	0.3028253867146254	0.4947727035230115
Biliary-AdenoCA::SP117655	4:Del:R:4	0.8414389306696111	0.1584225496785615	0.00013851965182730291
Biliary-AdenoCA::SP117655	4:Del:R:5	0.4341986284730242	0.04563996846417816	0.5201614030627976
Biliary-AdenoCA::SP117655	5:Del:R:0	0.003155529610427914	0.1298883688414886	0.8669561015480836
Biliary-AdenoCA::SP117655	5:Del:R:1	0.06230019294401756	0.4887769651180873	0.4489228419378952
Biliary-AdenoCA::SP117655	5:Del:R:2	0.5686621942305156	0.43126441585701114	7.338991247336463e-05
Biliary-AdenoCA::SP117655	5:Del:R:3	0.6385950380153379	0.3613395752410571	6.538674360499967e-05
Biliary-AdenoCA::SP117655	5:Del:R:4	0.9990082864908287	0.00011063054146627193	0.0008810829677049336
Biliary-AdenoCA::SP117655	5:Del:R:5	0.1147909192498769	0.0	0.8852090807501231
Biliary-AdenoCA::SP117655	2:Ins:R:0	0.08379951943413116	0.7454036867912258	0.17079679377464302
Biliary-AdenoCA::SP117655	2:Ins:R:1	0.0285054760700292	0.7279901275641225	0.24350439636584836
Biliary-AdenoCA::SP117655	2:Ins:R:2	0.030021202559143027	0.40378072251854286	0.5661980749223142
Biliary-AdenoCA::SP117655	2:Ins:R:3	0.27493014925431003	0.3366073940958648	0.38846245664982504
Biliary-AdenoCA::SP117655	2:Ins:R:4	0.6102630068680349	0.35800292273927625	0.03173407039268886
Biliary-AdenoCA::SP117655	2:Ins:R:5	0.4828498982221852	0.5064321031942215	0.01071799858359335
Biliary-AdenoCA::SP117655	3:Ins:R:0	0.015897084075809732	0.5051380447306938	0.47896487119349657
Biliary-AdenoCA::SP117655	3:Ins:R:1	0.0	0.800053811761319	0.19994618823868104
Biliary-AdenoCA::SP117655	3:Ins:R:2	0.02906102359365036	0.3510612608409615	0.6198777155653882
Biliary-AdenoCA::SP117655	3:Ins:R:3	0.33616039348050814	2.4718752093082185e-05	0.6638148877673988
Biliary-AdenoCA::SP117655	3:Ins:R:4	0.9993612168958136	4.517697371766086e-05	0.000593606130468762
Biliary-AdenoCA::SP117655	3:Ins:R:5	0.2939982979271754	0.7060017020728246	0.0
Biliary-AdenoCA::SP117655	4:Ins:R:0	0.060440426860731165	0.7151725393781151	0.2243870337611538
Biliary-AdenoCA::SP117655	4:Ins:R:1	0.0004529469540863859	0.4185491388505257	0.5809979141953878
Biliary-AdenoCA::SP117655	4:Ins:R:2	0.06717170343942962	0.0	0.9328282965605704
Biliary-AdenoCA::SP117655	4:Ins:R:3	0.4449404215329371	0.07680099356764646	0.4782585848994165
Biliary-AdenoCA::SP117655	4:Ins:R:4	0.13614715879151662	0.8638482753252239	4.5658832594756235e-06
Biliary-AdenoCA::SP117655	4:Ins:R:5	0.06276186244378665	0.8267088890891142	0.11052924846709909
Biliary-AdenoCA::SP117655	5:Ins:R:0	0.012878795211223051	0.36367871016219583	0.6234424946265812
Biliary-AdenoCA::SP117655	5:Ins:R:1	0.0	0.4976251916994479	0.502374808300552
Biliary-AdenoCA::SP117655	5:Ins:R:2	0.0	0.39607002355255505	0.6039299764474448
Biliary-AdenoCA::SP117655	5:Ins:R:3	0.022364753880206308	0.18807173866416177	0.7895635074556319
Biliary-AdenoCA::SP117655	5:Ins:R:4	0.06393751073889094	0.8557107687187006	0.08035172054240845
Biliary-AdenoCA::SP117655	5:Ins:R:5	0.018827176973496174	0.162546291349498	0.8186265316770058
Biliary-AdenoCA::SP117655	2:Del:M:1	0.1118554946623299	0.38104112081863	0.5071033845190401
Biliary-AdenoCA::SP117655	3:Del:M:1	0.027773604631621287	0.34073190989672836	0.6314944854716503
Biliary-AdenoCA::SP117655	3:Del:M:2	0.15304284409042967	0.46385922334164353	0.3830979325679269
Biliary-AdenoCA::SP117655	4:Del:M:1	0.03799000212100504	0.23017568106807085	0.7318343168109243
Biliary-AdenoCA::SP117655	4:Del:M:2	0.08742101993522056	0.28317582833528976	0.6294031517294896
Biliary-AdenoCA::SP117655	4:Del:M:3	0.07823574051760812	0.3357028642149006	0.5860613952674912
Biliary-AdenoCA::SP117655	5:Del:M:1	0.0020434612862292832	0.11134434761082262	0.886612191102948
Biliary-AdenoCA::SP117655	5:Del:M:2	0.002025866511421189	0.1037879641533208	0.8941861693352581
Biliary-AdenoCA::SP117655	5:Del:M:3	0.003442802638045068	0.07331656627256666	0.9232406310893884
Biliary-AdenoCA::SP117655	5:Del:M:4	0.005136212202415338	0.23561225304672404	0.7592515347508606
Biliary-AdenoCA::SP117655	5:Del:M:5	0.007443186290522291	0.2620470625754563	0.7305097511340214
Biliary-AdenoCA::SP117556	1:Del:C:0	0.008036282191969104	0.9919637178080308	0.0
Biliary-AdenoCA::SP117556	1:Del:C:1	0.01449150812530237	0.9855084918746977	0.0
Biliary-AdenoCA::SP117556	1:Del:C:2	0.057196147860121796	0.9428038521398782	0.0
Biliary-AdenoCA::SP117556	1:Del:C:3	0.18759392361849672	0.8124060763815032	0.0
Biliary-AdenoCA::SP117556	1:Del:C:4	0.580302432544443	0.419697567455557	0.0
Biliary-AdenoCA::SP117556	1:Del:C:5	0.8252844137999084	0.17471558620009173	0.0
Biliary-AdenoCA::SP117556	1:Del:T:0	0.030857997580411283	0.9691420024195888	0.0
Biliary-AdenoCA::SP117556	1:Del:T:1	0.053462129495221285	0.9465378705047788	0.0
Biliary-AdenoCA::SP117556	1:Del:T:2	0.06621301501181073	0.9337869849881894	0.0
Biliary-AdenoCA::SP117556	1:Del:T:3	0.22891850599458008	0.7710814940054199	0.0
Biliary-AdenoCA::SP117556	1:Del:T:4	0.46927144857549297	0.530728551424507	0.0
Biliary-AdenoCA::SP117556	1:Del:T:5	0.6554502565316837	0.3445497434683165	0.0
Biliary-AdenoCA::SP117556	1:Ins:C:0	0.0372276089718782	0.9627723910281218	0.0
Biliary-AdenoCA::SP117556	1:Ins:C:1	0.13838623529958993	0.8616137647004102	0.0
Biliary-AdenoCA::SP117556	1:Ins:C:2	0.029550564389967046	0.9704494356100329	0.0
Biliary-AdenoCA::SP117556	1:Ins:C:3	0.1789340218704326	0.8210659781295674	0.0
Biliary-AdenoCA::SP117556	1:Ins:C:4	0.2597556222781059	0.7402443777218942	0.0
Biliary-AdenoCA::SP117556	1:Ins:C:5	0.12331942852577528	0.8766805714742247	0.0
Biliary-AdenoCA::SP117556	1:Ins:T:0	0.029169508562242402	0.9708304914377577	0.0
Biliary-AdenoCA::SP117556	1:Ins:T:1	0.021749418502226517	0.9782505814977736	0.0
Biliary-AdenoCA::SP117556	1:Ins:T:2	0.2580413811426288	0.7419586188573714	0.0
Biliary-AdenoCA::SP117556	1:Ins:T:3	0.17104383651930197	0.828956163480698	0.0
Biliary-AdenoCA::SP117556	1:Ins:T:4	0.06313578137144951	0.9368642186285505	0.0
Biliary-AdenoCA::SP117556	1:Ins:T:5	0.0667904641182096	0.9332095358817903	0.0
Biliary-AdenoCA::SP117556	2:Del:R:0	0.05554702278148811	0.944452977218512	0.0
Biliary-AdenoCA::SP117556	2:Del:R:1	0.10853441720691157	0.8914655827930884	0.0
Biliary-AdenoCA::SP117556	2:Del:R:2	0.2112618885229349	0.7887381114770651	0.0
Biliary-AdenoCA::SP117556	2:Del:R:3	0.7613840662538962	0.2386159337461039	0.0
Biliary-AdenoCA::SP117556	2:Del:R:4	1.0	0.0	0.0
Biliary-AdenoCA::SP117556	2:Del:R:5	1.0	0.0	0.0
Biliary-AdenoCA::SP117556	3:Del:R:0	0.02331533655487007	0.9766846634451298	0.0
Biliary-AdenoCA::SP117556	3:Del:R:1	0.10190508723012821	0.8980949127698719	0.0
Biliary-AdenoCA::SP117556	3:Del:R:2	0.1819296579454074	0.8180703420545926	0.0
Biliary-AdenoCA::SP117556	3:Del:R:3	0.32130435801724355	0.6786956419827564	0.0
Biliary-AdenoCA::SP117556	3:Del:R:4	0.6873079101042242	0.3126920898957758	0.0
Biliary-AdenoCA::SP117556	3:Del:R:5	0.8428976817738711	0.1571023182261289	0.0
Biliary-AdenoCA::SP117556	4:Del:R:0	0.01279431758711452	0.9872056824128855	0.0
Biliary-AdenoCA::SP117556	4:Del:R:1	0.06103592851925941	0.9389640714807406	0.0
Biliary-AdenoCA::SP117556	4:Del:R:2	0.09260062510570696	0.907399374894293	0.0
Biliary-AdenoCA::SP117556	4:Del:R:3	0.1523422794581734	0.8476577205418266	0.0
Biliary-AdenoCA::SP117556	4:Del:R:4	0.5881690605627394	0.41183093943726057	0.0
Biliary-AdenoCA::SP117556	4:Del:R:5	0.7189526125874613	0.2810473874125386	0.0
Biliary-AdenoCA::SP117556	5:Del:R:0	0.006490106081090163	0.9935098939189099	0.0
Biliary-AdenoCA::SP117556	5:Del:R:1	0.03313759139909003	0.9668624086009099	0.0
Biliary-AdenoCA::SP117556	5:Del:R:2	0.26175226850835986	0.7382477314916401	0.0
Biliary-AdenoCA::SP117556	5:Del:R:3	0.3221314347683276	0.6778685652316724	0.0
Biliary-AdenoCA::SP117556	5:Del:R:4	0.9995883297128451	0.0004116702871550244	0.0
Biliary-AdenoCA::SP117556	5:Del:R:5	1.0	0.0	0.0
Biliary-AdenoCA::SP117556	2:Ins:R:0	0.02934227014167512	0.9706577298583248	0.0
Biliary-AdenoCA::SP117556	2:Ins:R:1	0.010419135822858763	0.9895808641771413	0.0
Biliary-AdenoCA::SP117556	2:Ins:R:2	0.019600324649414348	0.9803996753505857	0.0
Biliary-AdenoCA::SP117556	2:Ins:R:3	0.1800739880148307	0.8199260119851693	0.0
Biliary-AdenoCA::SP117556	2:Ins:R:4	0.31429892953206084	0.6857010704679393	0.0
Biliary-AdenoCA::SP117556	2:Ins:R:5	0.20405662163656932	0.7959433783634307	0.0
Biliary-AdenoCA::SP117556	3:Ins:R:0	0.00839122479619245	0.9916087752038075	0.0
Biliary-AdenoCA::SP117556	3:Ins:R:1	0.0	1.0	0.0
Biliary-AdenoCA::SP117556	3:Ins:R:2	0.021774322909818636	0.9782256770901814	0.0
Biliary-AdenoCA::SP117556	3:Ins:R:3	0.9997266093559143	0.0002733906440857958	0.0
Biliary-AdenoCA::SP117556	3:Ins:R:4	0.9998319091649072	0.0001680908350928323	0.0
Biliary-AdenoCA::SP117556	3:Ins:R:5	0.10069828868196454	0.8993017113180354	0.0
Biliary-AdenoCA::SP117556	4:Ins:R:0	0.02221956926063076	0.9777804307393693	0.0
Biliary-AdenoCA::SP117556	4:Ins:R:1	0.00029090563631590616	0.999709094363684	0.0
Biliary-AdenoCA::SP117556	4:Ins:R:2	1.0	0.0	0.0
Biliary-AdenoCA::SP117556	4:Ins:R:3	0.6090395256171829	0.390960474382817	0.0
Biliary-AdenoCA::SP117556	4:Ins:R:4	0.040655859020709804	0.9593441409792902	0.0
Biliary-AdenoCA::SP117556	4:Ins:R:5	0.020005276342783058	0.9799947236572168	0.0
Biliary-AdenoCA::SP117556	5:Ins:R:0	0.009432332673710403	0.9905676673262895	0.0
Biliary-AdenoCA::SP117556	5:Ins:R:1	0.0	1.0	0.0
Biliary-AdenoCA::SP117556	5:Ins:R:2	0.0	1.0	0.0
Biliary-AdenoCA::SP117556	5:Ins:R:3	0.03098480539655814	0.9690151946034419	0.0
Biliary-AdenoCA::SP117556	5:Ins:R:4	0.0196955139780537	0.9803044860219463	0.0
Biliary-AdenoCA::SP117556	5:Ins:R:5	0.030204112559278254	0.9697958874407218	0.0
Biliary-AdenoCA::SP117556	2:Del:M:1	0.07315908672514089	0.9268409132748592	0.0
Biliary-AdenoCA::SP117556	3:Del:M:1	0.02144771735329663	0.9785522826467034	0.0
Biliary-AdenoCA::SP117556	3:Del:M:2	0.0814872432785935	0.9185127567214066	0.0
Biliary-AdenoCA::SP117556	4:Del:M:1	0.042494128685050744	0.9575058713149492	0.0
Biliary-AdenoCA::SP117556	4:Del:M:2	0.0766486125182278	0.9233513874817723	0.0
Biliary-AdenoCA::SP117556	4:Del:M:3	0.05897001203795288	0.9410299879620472	0.0
Biliary-AdenoCA::SP117556	5:Del:M:1	0.0049106380526171495	0.9950893619473828	0.0
Biliary-AdenoCA::SP117556	5:Del:M:2	0.005221171612227655	0.9947788283877723	0.0
Biliary-AdenoCA::SP117556	5:Del:M:3	0.01246919067399235	0.9875308093260076	0.0
Biliary-AdenoCA::SP117556	5:Del:M:4	0.005827528705648378	0.9941724712943516	0.0
Biliary-AdenoCA::SP117556	5:Del:M:5	0.007579714158175074	0.992420285841825	0.0
Biliary-AdenoCA::SP117627	1:Del:C:0	0.002829401168137775	0.6541474002975343	0.34302319853432806
Biliary-AdenoCA::SP117627	1:Del:C:1	0.0041473708668684035	0.5282751000411022	0.4675775290920294
Biliary-AdenoCA::SP117627	1:Del:C:2	0.01133912635173331	0.35008592042766173	0.638574953220605
Biliary-AdenoCA::SP117627	1:Del:C:3	0.05582889401764955	0.45284951052218914	0.49132159546016124
Biliary-AdenoCA::SP117627	1:Del:C:4	0.27398265265504296	0.3711467049657893	0.35487064237916793
Biliary-AdenoCA::SP117627	1:Del:C:5	0.6210645087319838	0.24626642193251133	0.13266906933550487
Biliary-AdenoCA::SP117627	1:Del:T:0	0.006665730148704071	0.3921099705470654	0.6012242993042305
Biliary-AdenoCA::SP117627	1:Del:T:1	0.011470001191415898	0.38036074219975063	0.6081692566088334
Biliary-AdenoCA::SP117627	1:Del:T:2	0.018235481837232347	0.4816839525019756	0.5000805656607921
Biliary-AdenoCA::SP117627	1:Del:T:3	0.0730073821071801	0.4606028652395523	0.4663897526532677
Biliary-AdenoCA::SP117627	1:Del:T:4	0.2272744372361378	0.48143692152238965	0.2912886412414725
Biliary-AdenoCA::SP117627	1:Del:T:5	0.5038839941439364	0.49611600569559094	1.6047269617686762e-10
Biliary-AdenoCA::SP117627	1:Ins:C:0	0.01896830316885989	0.918813671372047	0.06221802545909306
Biliary-AdenoCA::SP117627	1:Ins:C:1	0.02372139784632915	0.27663077479034526	0.6996478273633258
Biliary-AdenoCA::SP117627	1:Ins:C:2	0.013909068767770318	0.8555505371405583	0.1305403940916715
Biliary-AdenoCA::SP117627	1:Ins:C:3	0.06111849231670518	0.5252889292764926	0.4135925784068023
Biliary-AdenoCA::SP117627	1:Ins:C:4	0.15778696306523585	0.8422126507426523	3.861921118152148e-07
Biliary-AdenoCA::SP117627	1:Ins:C:5	0.06977440587587233	0.929065873567679	0.0011597205564486824
Biliary-AdenoCA::SP117627	1:Ins:T:0	0.012651285121795868	0.7886592861400544	0.19868942873814974
Biliary-AdenoCA::SP117627	1:Ins:T:1	0.005977778718967225	0.5035965908128094	0.4904256304682233
Biliary-AdenoCA::SP117627	1:Ins:T:2	0.08553998866283014	0.46068067748533265	0.4537793338518373
Biliary-AdenoCA::SP117627	1:Ins:T:3	0.060530577109718736	0.5494642391741035	0.39000518371617776
Biliary-AdenoCA::SP117627	1:Ins:T:4	0.03226003632674933	0.8966158810571628	0.07112408261608777
Biliary-AdenoCA::SP117627	1:Ins:T:5	0.03636235761212403	0.9516061111007839	0.012031531287092011
Biliary-AdenoCA::SP117627	2:Del:R:0	0.0220134420286688	0.7010483796797281	0.2769381782916031
Biliary-AdenoCA::SP117627	2:Del:R:1	0.03805010090501377	0.585373957281866	0.37657594181312026
Biliary-AdenoCA::SP117627	2:Del:R:2	0.07112114253951252	0.4973371204138598	0.4315417370466278
Biliary-AdenoCA::SP117627	2:Del:R:3	0.6104369083780371	0.35832484604802256	0.031238245573940362
Biliary-AdenoCA::SP117627	2:Del:R:4	0.7550545326382694	0.0	0.24494546736173065
Biliary-AdenoCA::SP117627	2:Del:R:5	0.9615991125131819	0.0	0.03840088748681824
Biliary-AdenoCA::SP117627	3:Del:R:0	0.008654782790065011	0.6790618531185818	0.31228336409135327
Biliary-AdenoCA::SP117627	3:Del:R:1	0.038880308970189466	0.6417953421575375	0.31932434887227296
Biliary-AdenoCA::SP117627	3:Del:R:2	0.07139814533286636	0.6013323355797694	0.3272695190873642
Biliary-AdenoCA::SP117627	3:Del:R:3	0.19125876944663553	0.7566939883975092	0.05204724215585524
Biliary-AdenoCA::SP117627	3:Del:R:4	0.5397921473261458	0.4599732729217697	0.00023457975208452818
Biliary-AdenoCA::SP117627	3:Del:R:5	0.5370671843166356	0.18748944928201602	0.27544336640134837
Biliary-AdenoCA::SP117627	4:Del:R:0	0.004151664024946658	0.6000026971667751	0.3958456388082782
Biliary-AdenoCA::SP117627	4:Del:R:1	0.02746599101974557	0.7914057017417052	0.1811283072385491
Biliary-AdenoCA::SP117627	4:Del:R:2	0.05023236132658826	0.9219526849589105	0.02781495371450134
Biliary-AdenoCA::SP117627	4:Del:R:3	0.05440514234506802	0.5669966663389178	0.3785981913160142
Biliary-AdenoCA::SP117627	4:Del:R:4	0.43253804374010985	0.5672592530809671	0.00020270317892289634
Biliary-AdenoCA::SP117627	4:Del:R:5	0.19445723229036513	0.14237832143619406	0.6631644462734408
Biliary-AdenoCA::SP117627	5:Del:R:0	0.0009347192487220475	0.26800448957908884	0.7310607911721891
Biliary-AdenoCA::SP117627	5:Del:R:1	0.013129859124235727	0.7175369747034769	0.2693331661722874
Biliary-AdenoCA::SP117627	5:Del:R:2	0.1591591006034488	0.8407824256463913	5.847375015994535e-05
Biliary-AdenoCA::SP117627	5:Del:R:3	0.2023589844875742	0.79758203152627	5.8983986155780924e-05
Biliary-AdenoCA::SP117627	5:Del:R:4	0.9967286539950247	0.000768857350977992	0.0025024886539973157
Biliary-AdenoCA::SP117627	5:Del:R:5	0.043568066137800426	0.0	0.9564319338621997
Biliary-AdenoCA::SP117627	2:Ins:R:0	0.014542849133001003	0.901078001541603	0.08437914932539604
Biliary-AdenoCA::SP117627	2:Ins:R:1	0.004920983986866632	0.8754110476102681	0.11966796840286535
Biliary-AdenoCA::SP117627	2:Ins:R:2	0.006739610475890154	0.6314154039928527	0.3618449855312573
Biliary-AdenoCA::SP117627	2:Ins:R:3	0.07379730493204098	0.6293680116071148	0.29683468346084424
Biliary-AdenoCA::SP117627	2:Ins:R:4	0.19104559643578076	0.7806735035639523	0.028280900000267083
Biliary-AdenoCA::SP117627	2:Ins:R:5	0.11948772510162511	0.8729618341797077	0.007550440718667152
Biliary-AdenoCA::SP117627	3:Ins:R:0	0.003245621487375413	0.718378552277107	0.27837582623551765
Biliary-AdenoCA::SP117627	3:Ins:R:1	0.0	0.9073291062480687	0.09267089375193129
Biliary-AdenoCA::SP117627	3:Ins:R:2	0.006855523356824334	0.576866734945937	0.4162777416972387
Biliary-AdenoCA::SP117627	3:Ins:R:3	0.15101277339084007	7.734933105782548e-05	0.8489098772781021
Biliary-AdenoCA::SP117627	3:Ins:R:4	0.9979982050924189	0.00031425868160428184	0.001687536225976873
Biliary-AdenoCA::SP117627	3:Ins:R:5	0.05641041891286838	0.9435895810871316	0.0
Biliary-AdenoCA::SP117627	4:Ins:R:0	0.01063929588584224	0.8769181815965007	0.11244252251765718
Biliary-AdenoCA::SP117627	4:Ins:R:1	9.911579307407907e-05	0.6379767465710026	0.3619241376359234
Biliary-AdenoCA::SP117627	4:Ins:R:2	0.024671087340269775	0.0	0.9753289126597303
Biliary-AdenoCA::SP117627	4:Ins:R:3	0.19003279636056017	0.22848432748604838	0.5814828761533914
Biliary-AdenoCA::SP117627	4:Ins:R:4	0.02212536655378093	0.9778725211532509	2.1122929681970347e-06
Biliary-AdenoCA::SP117627	4:Ins:R:5	0.010228480627671612	0.9384924683377999	0.05127905103452839
Biliary-AdenoCA::SP117627	5:Ins:R:0	0.002980566562193232	0.5862790097551175	0.41074042368268937
Biliary-AdenoCA::SP117627	5:Ins:R:1	0.0	0.7079236012682032	0.29207639873179664
Biliary-AdenoCA::SP117627	5:Ins:R:2	0.0	0.6160824158837532	0.38391758411624677
Biliary-AdenoCA::SP117627	5:Ins:R:3	0.006246979852681859	0.3659252696980557	0.6278277504492624
Biliary-AdenoCA::SP117627	5:Ins:R:4	0.010224641717155447	0.9531960900158831	0.036579268266961326
Biliary-AdenoCA::SP117627	5:Ins:R:5	0.005407799133770909	0.32521853718375104	0.6693736636824781
Biliary-AdenoCA::SP117627	2:Del:M:1	0.0265711946989163	0.6305049273661192	0.34292387793496454
Biliary-AdenoCA::SP117627	3:Del:M:1	0.006614497356514428	0.565249629022437	0.42813587362104855
Biliary-AdenoCA::SP117627	3:Del:M:2	0.03420171674465198	0.7220777360701398	0.24372054718520816
Biliary-AdenoCA::SP117627	4:Del:M:1	0.010199594334754496	0.43046306944203067	0.5593373362232149
Biliary-AdenoCA::SP117627	4:Del:M:2	0.022696877778621647	0.5121171377404915	0.46518598448088677
Biliary-AdenoCA::SP117627	4:Del:M:3	0.019151983656072718	0.5724354110367995	0.40841260530712775
Biliary-AdenoCA::SP117627	5:Del:M:1	0.0006189336429654247	0.2349139084709014	0.7644671578861332
Biliary-AdenoCA::SP117627	5:Del:M:2	0.0006194378322655924	0.22105318371814844	0.778327378449586
Biliary-AdenoCA::SP117627	5:Del:M:3	0.0010956085096997196	0.1625205437354669	0.8363838477548332
Biliary-AdenoCA::SP117627	5:Del:M:4	0.0013488932180444886	0.4310179580488971	0.5676331487330586
Biliary-AdenoCA::SP117627	5:Del:M:5	0.0019024866390937492	0.46655720706934106	0.5315403062915651
Biliary-AdenoCA::SP117775	1:Del:C:0	0.013007151112522514	0.48868180364502045	0.49831104524245706
Biliary-AdenoCA::SP117775	1:Del:C:1	0.01744430808648585	0.36108039392255314	0.621475297990961
Biliary-AdenoCA::SP117775	1:Del:C:2	0.04199364094755303	0.21068881085333102	0.7473175481991159
Biliary-AdenoCA::SP117775	1:Del:C:3	0.19611312231620068	0.2585023070713104	0.545384570612489
Biliary-AdenoCA::SP117775	1:Del:C:4	0.6137122671208408	0.13509841021125224	0.25118932266790694
Biliary-AdenoCA::SP117775	1:Del:C:5	0.8834395966824684	0.05692568176660285	0.059634721550928686
Biliary-AdenoCA::SP117775	1:Del:T:0	0.025600708825499568	0.24472314141493262	0.7296761497595678
Biliary-AdenoCA::SP117775	1:Del:T:1	0.04320761837455192	0.23283884842891522	0.7239535331965328
Biliary-AdenoCA::SP117775	1:Del:T:2	0.07164173590340878	0.3075203966561543	0.6208378674404369
Biliary-AdenoCA::SP117775	1:Del:T:3	0.24728404816894217	0.253523867994636	0.4991920838364219
Biliary-AdenoCA::SP117775	1:Del:T:4	0.5716771149196491	0.1967897620130716	0.23153312306727925
Biliary-AdenoCA::SP117775	1:Del:T:5	0.862070174587846	0.13792982532539752	8.675660930496347e-11
Biliary-AdenoCA::SP117775	1:Ins:C:0	0.10092754843487996	0.7944591688439984	0.10461328272112169
Biliary-AdenoCA::SP117775	1:Ins:C:1	0.08186432979583477	0.15513786753930783	0.7629978026648574
Biliary-AdenoCA::SP117775	1:Ins:C:2	0.07162605873856694	0.7159481308517591	0.21242581040967382
Biliary-AdenoCA::SP117775	1:Ins:C:3	0.2205044661360568	0.307968215646422	0.4715273182175212
Biliary-AdenoCA::SP117775	1:Ins:C:4	0.5355070571079238	0.46449252871425034	4.1417782588403015e-07
Biliary-AdenoCA::SP117775	1:Ins:C:5	0.3155536711301621	0.6827889575882633	0.001657371281574635
Biliary-AdenoCA::SP117775	1:Ins:T:0	0.06213873022459266	0.6294772564432771	0.3083840133321302
Biliary-AdenoCA::SP117775	1:Ins:T:1	0.02462125763026599	0.33706687170924343	0.6383118706604906
Biliary-AdenoCA::SP117775	1:Ins:T:2	0.2815693191676841	0.2464217459388877	0.4720089348934284
Biliary-AdenoCA::SP117775	1:Ins:T:3	0.22167276537182323	0.32699404836453433	0.45133318626364255
Biliary-AdenoCA::SP117775	1:Ins:T:4	0.16094719146281952	0.7269220932929171	0.11213071524426332
Biliary-AdenoCA::SP117775	1:Ins:T:5	0.18666150949055635	0.7938214929080927	0.0195169976013509
Biliary-AdenoCA::SP117775	2:Del:R:0	0.09851652820273347	0.5098377927139929	0.3916456790832737
Biliary-AdenoCA::SP117775	2:Del:R:1	0.1508882323787273	0.37722098639748475	0.4718907812237879
Biliary-AdenoCA::SP117775	2:Del:R:2	0.24668450837876563	0.28032182935795685	0.47299366226327755
Biliary-AdenoCA::SP117775	2:Del:R:3	0.8996364664626599	0.08581556792720119	0.014547965610138849
Biliary-AdenoCA::SP117775	2:Del:R:4	0.907018490355344	0.0	0.092981509644656
Biliary-AdenoCA::SP117775	2:Del:R:5	0.9875379251635242	0.0	0.012462074836475726
Biliary-AdenoCA::SP117775	3:Del:R:0	0.03975795575796368	0.5069207849213098	0.45332125932072664
Biliary-AdenoCA::SP117775	3:Del:R:1	0.1592924111025655	0.4272920675310243	0.4134155213664102
Biliary-AdenoCA::SP117775	3:Del:R:2	0.2619783702686675	0.35855514162182917	0.3794664881095034
Biliary-AdenoCA::SP117775	3:Del:R:3	0.5783955115684084	0.37186622211756815	0.04973826631402358
Biliary-AdenoCA::SP117775	3:Del:R:4	0.8782626557180565	0.1216167358304881	0.00012060845145547218
Biliary-AdenoCA::SP117775	3:Del:R:5	0.8204817107553161	0.04654574780903668	0.13297254143564727
Biliary-AdenoCA::SP117775	4:Del:R:0	0.018310069725764298	0.43001528311837217	0.5516746471558636
Biliary-AdenoCA::SP117775	4:Del:R:1	0.12876146898252058	0.6029103161057502	0.26832821491172937
Biliary-AdenoCA::SP117775	4:Del:R:2	0.24052745030112588	0.717385473204329	0.04208707649454514
Biliary-AdenoCA::SP117775	4:Del:R:3	0.20439093407533263	0.3461505882910972	0.4494584776335702
Biliary-AdenoCA::SP117775	4:Del:R:4	0.8242214907345915	0.17565645033888105	0.00012205892652755812
Biliary-AdenoCA::SP117775	4:Del:R:5	0.4552378024360298	0.05416527815100386	0.49059691941296646
Biliary-AdenoCA::SP117775	5:Del:R:0	0.0033927755176418354	0.1580807179914886	0.8385265064908696
Biliary-AdenoCA::SP117775	5:Del:R:1	0.061114051600251094	0.5427354462512743	0.3961505021484745
Biliary-AdenoCA::SP117775	5:Del:R:2	0.5380491791773745	0.4618883552380262	6.246558459928916e-05
Biliary-AdenoCA::SP117775	5:Del:R:3	0.6095378776685972	0.39040597854607234	5.6143785330423516e-05
Biliary-AdenoCA::SP117775	5:Del:R:4	0.9990821051657683	0.00012523707008964372	0.0007926577641419194
Biliary-AdenoCA::SP117775	5:Del:R:5	0.12599131258397397	0.0	0.8740086874160261
Biliary-AdenoCA::SP117775	2:Ins:R:0	0.07750598029043955	0.7803887374549228	0.1421052822546376
Biliary-AdenoCA::SP117775	2:Ins:R:1	0.02660082274192952	0.7689852888342359	0.20441388842383468
Biliary-AdenoCA::SP117775	2:Ins:R:2	0.030129178797754688	0.45870192406754273	0.5111688971347025
Biliary-AdenoCA::SP117775	2:Ins:R:3	0.273452884400866	0.3789741291469844	0.3475729864521497
Biliary-AdenoCA::SP117775	2:Ins:R:4	0.5845150146959984	0.3881422958430377	0.02734268946096387
Biliary-AdenoCA::SP117775	2:Ins:R:5	0.4530630824816206	0.5378900746165197	0.009046842901859644
Biliary-AdenoCA::SP117775	3:Ins:R:0	0.015607557208698058	0.5613753183248142	0.4230171244664876
Biliary-AdenoCA::SP117775	3:Ins:R:1	0.0	0.8342984985379863	0.16570150146201365
Biliary-AdenoCA::SP117775	3:Ins:R:2	0.029531482152711265	0.4038155295498688	0.56665298829742
Biliary-AdenoCA::SP117775	3:Ins:R:3	0.360169706609855	2.9978710742326704e-05	0.6398003146794027
Biliary-AdenoCA::SP117775	3:Ins:R:4	0.9994148381503501	5.114064582073124e-05	0.000534021203829053
Biliary-AdenoCA::SP117775	3:Ins:R:5	0.2689449429854564	0.7310550570145435	0.0
Biliary-AdenoCA::SP117775	4:Ins:R:0	0.05638994050736203	0.7552847484666166	0.18832531102602143
Biliary-AdenoCA::SP117775	4:Ins:R:1	0.00045436522395806805	0.4752585781797741	0.5242870565962678
Biliary-AdenoCA::SP117775	4:Ins:R:2	0.0741148046026549	0.0	0.9258851953973452
Biliary-AdenoCA::SP117775	4:Ins:R:3	0.4624660690175254	0.09035883478698509	0.4471750961954894
Biliary-AdenoCA::SP117775	4:Ins:R:4	0.12221676861075904	0.8777795442983821	3.6870908588063973e-06
Biliary-AdenoCA::SP117775	4:Ins:R:5	0.05716115332285112	0.8522824361701121	0.09055641050703683
Biliary-AdenoCA::SP117775	5:Ins:R:0	0.013069928799635765	0.4177742165698504	0.5691558546305139
Biliary-AdenoCA::SP117775	5:Ins:R:1	0.0	0.5548467244931906	0.44515327550680944
Biliary-AdenoCA::SP117775	5:Ins:R:2	0.0	0.4521234590124522	0.5478765409875478
Biliary-AdenoCA::SP117775	5:Ins:R:3	0.02365332753960515	0.225152841941479	0.7511938305189158
Biliary-AdenoCA::SP117775	5:Ins:R:4	0.05787046717672546	0.876706109180268	0.06542342364300648
Biliary-AdenoCA::SP117775	5:Ins:R:5	0.020045206969421584	0.19589717629091782	0.7840576167396606
Biliary-AdenoCA::SP117775	2:Del:M:1	0.11192819507771523	0.43159836901026655	0.4564734359120183
Biliary-AdenoCA::SP117775	3:Del:M:1	0.028295956254730935	0.3929440393408905	0.5787600044043785
Biliary-AdenoCA::SP117775	3:Del:M:2	0.1496412890535657	0.5133935172544054	0.33696519369202893
Biliary-AdenoCA::SP117775	4:Del:M:1	0.03970213714350442	0.27228879838523323	0.6880090644712623
Biliary-AdenoCA::SP117775	4:Del:M:2	0.08974032007444487	0.32904378769757436	0.5812158922279808
Biliary-AdenoCA::SP117775	4:Del:M:3	0.0793917789164209	0.3856125442501536	0.5349956768334255
Biliary-AdenoCA::SP117775	5:Del:M:1	0.0022075903041903185	0.1361588923359249	0.8616335173598848
Biliary-AdenoCA::SP117775	5:Del:M:2	0.0021927459955159937	0.12715992568244103	0.870647328322043
Biliary-AdenoCA::SP117775	5:Del:M:3	0.0037545982263381106	0.0905063876915744	0.9057390140820875
Biliary-AdenoCA::SP117775	5:Del:M:4	0.005379137134362813	0.27931438394110675	0.7153064789245305
Biliary-AdenoCA::SP117775	5:Del:M:5	0.007743528150044617	0.3085922817269036	0.6836641901230518
Biliary-AdenoCA::SP117332	1:Del:C:0	0.002443534674880544	0.3361435936730621	0.6614128716520573
Biliary-AdenoCA::SP117332	1:Del:C:1	0.003044109721993725	0.23071339587551373	0.7662424944024925
Biliary-AdenoCA::SP117332	1:Del:C:2	0.006891521425073275	0.12660049452938932	0.8665079840455375
Biliary-AdenoCA::SP117332	1:Del:C:3	0.039254198249040584	0.189455069571579	0.7712907321793805
Biliary-AdenoCA::SP117332	1:Del:C:4	0.2128633406991837	0.17157288661758616	0.6155637726832301
Biliary-AdenoCA::SP117332	1:Del:C:5	0.5838156095526987	0.1377429666702229	0.2784414237770784
Biliary-AdenoCA::SP117332	1:Del:T:0	0.004212649473506024	0.1474486235561341	0.8483387269703598
Biliary-AdenoCA::SP117332	1:Del:T:1	0.007188374123075052	0.1418365426458505	0.8509750832310743
Biliary-AdenoCA::SP117332	1:Del:T:2	0.012829606480361272	0.20164316775765634	0.7855272257619824
Biliary-AdenoCA::SP117332	1:Del:T:3	0.052585065315729526	0.19740016817233344	0.7500147665119371
Biliary-AdenoCA::SP117332	1:Del:T:4	0.19523832242510386	0.2460815824460203	0.5586800951288758
Biliary-AdenoCA::SP117332	1:Del:T:5	0.6305812308850726	0.36941876866655726	4.483702600777549e-10
Biliary-AdenoCA::SP117332	1:Ins:C:0	0.02692122740882287	0.775923783740845	0.19715498885033217
Biliary-AdenoCA::SP117332	1:Ins:C:1	0.013551949368314293	0.09403450166668344	0.8924135489650024
Biliary-AdenoCA::SP117332	1:Ins:C:2	0.017078383109420954	0.6250569764197654	0.35786464047081357
Biliary-AdenoCA::SP117332	1:Ins:C:3	0.04711975664856415	0.2409649608306994	0.7119152825207363
Biliary-AdenoCA::SP117332	1:Ins:C:4	0.23946522107270315	0.7605334703484334	1.3085788633050317e-06
Biliary-AdenoCA::SP117332	1:Ins:C:5	0.11160897545057452	0.8842492972373842	0.004141727312041403
Biliary-AdenoCA::SP117332	1:Ins:T:0	0.013669364664602104	0.5070238031903704	0.47930683214502745
Biliary-AdenoCA::SP117332	1:Ins:T:1	0.004268062602908561	0.21394343724855797	0.7817885001485335
Biliary-AdenoCA::SP117332	1:Ins:T:2	0.062310997101838246	0.1996736471428911	0.7380153557552707
Biliary-AdenoCA::SP117332	1:Ins:T:3	0.04810801956719221	0.2598407960414951	0.6920511843913127
Biliary-AdenoCA::SP117332	1:Ins:T:4	0.04452402315095923	0.7363108768398348	0.219165100009206
Biliary-AdenoCA::SP117332	1:Ins:T:5	0.05776926276557512	0.8995540334230313	0.04267670381139364
Biliary-AdenoCA::SP117332	2:Del:R:0	0.02081732744539474	0.39446661224346474	0.5847160603111405
Biliary-AdenoCA::SP117332	2:Del:R:1	0.031007511214068157	0.28383747521913943	0.6851550135667924
Biliary-AdenoCA::SP117332	2:Del:R:2	0.05345307891898586	0.22240785299166302	0.7241390680893511
Biliary-AdenoCA::SP117332	2:Del:R:3	0.6832822813559727	0.23865005507310358	0.07806766357092387
Biliary-AdenoCA::SP117332	2:Del:R:4	0.5799467328501531	0.0	0.4200532671498469
Biliary-AdenoCA::SP117332	2:Del:R:5	0.9181383475714789	0.0	0.08186165242852107
Biliary-AdenoCA::SP117332	3:Del:R:0	0.007797586303981705	0.36403118797568673	0.6281712257203316
Biliary-AdenoCA::SP117332	3:Del:R:1	0.034294976279695855	0.3368391800027095	0.6288658437175947
Biliary-AdenoCA::SP117332	3:Del:R:2	0.0615563016495466	0.3084788461754999	0.6299648521749535
Biliary-AdenoCA::SP117332	3:Del:R:3	0.2524185936769011	0.594217599422739	0.15336380690036006
Biliary-AdenoCA::SP117332	3:Del:R:4	0.6631310800925314	0.33622550885594016	0.0006434110515283754
Biliary-AdenoCA::SP117332	3:Del:R:5	0.4250292344817863	0.08828608534995595	0.48668468016825783
Biliary-AdenoCA::SP117332	4:Del:R:0	0.0033347929859719105	0.28676432541986835	0.7099008815941599
Biliary-AdenoCA::SP117332	4:Del:R:1	0.030424409284963726	0.521616471683858	0.44795911903117835
Biliary-AdenoCA::SP117332	4:Del:R:2	0.07600526179334166	0.830030287511112	0.0939644506955463
Biliary-AdenoCA::SP117332	4:Del:R:3	0.04397936546279735	0.27271859751348887	0.6833020370237137
Biliary-AdenoCA::SP117332	4:Del:R:4	0.5613613148604476	0.4380513257698522	0.0005873593697001898
Biliary-AdenoCA::SP117332	4:Del:R:5	0.11049940213646993	0.048139872741178875	0.8413607251223514
Biliary-AdenoCA::SP117332	5:Del:R:0	0.0005214262279744032	0.08895676826778692	0.9105218055042386
Biliary-AdenoCA::SP117332	5:Del:R:1	0.012607826343834111	0.4099677348829593	0.5774244387732067
Biliary-AdenoCA::SP117332	5:Del:R:2	0.24130929615801477	0.7584927660611755	0.0001979377808097282
Biliary-AdenoCA::SP117332	5:Del:R:3	0.2988785000030888	0.7009269946811039	0.00019450531580723289
Biliary-AdenoCA::SP117332	5:Del:R:4	0.9939719995292615	0.0004562135908742385	0.005571786879864196
Biliary-AdenoCA::SP117332	5:Del:R:5	0.019994816170043866	0.0	0.9800051838299563
Biliary-AdenoCA::SP117332	2:Ins:R:0	0.019676814388669504	0.7254256684182638	0.25489751719306664
Biliary-AdenoCA::SP117332	2:Ins:R:1	0.006205685207795229	0.6568633851030743	0.3369309296891305
Biliary-AdenoCA::SP117332	2:Ins:R:2	0.005662012988311119	0.3156286941783905	0.6787092928332984
Biliary-AdenoCA::SP117332	2:Ins:R:3	0.06642342347975586	0.33706267303308207	0.5965139034871622
Biliary-AdenoCA::SP117332	2:Ins:R:4	0.2658220995699107	0.6463216931965938	0.08785620723349544
Biliary-AdenoCA::SP117332	2:Ins:R:5	0.18221047905207655	0.7920827497768587	0.025706771171064884
Biliary-AdenoCA::SP117332	3:Ins:R:0	0.003084572061174881	0.4062334204912102	0.590682007447615
Biliary-AdenoCA::SP117332	3:Ins:R:1	0.0	0.7229368339442133	0.27706316605578674
Biliary-AdenoCA::SP117332	3:Ins:R:2	0.00535792888567062	0.2682607086554691	0.7263813624588603
Biliary-AdenoCA::SP117332	3:Ins:R:3	0.07379445905610783	2.249012521119073e-05	0.926183050818681
Biliary-AdenoCA::SP117332	3:Ins:R:4	0.9960530036291037	0.0001866230206912548	0.0037603733502049796
Biliary-AdenoCA::SP117332	3:Ins:R:5	0.09130013320825592	0.9086998667917442	0.0
Biliary-AdenoCA::SP117332	4:Ins:R:0	0.013579832470789399	0.6659871367374078	0.3204330307918028
Biliary-AdenoCA::SP117332	4:Ins:R:1	8.344759992971154e-05	0.31959581278213334	0.680320739617937
Biliary-AdenoCA::SP117332	4:Ins:R:2	0.011202612910153788	0.0	0.9887973870898461
Biliary-AdenoCA::SP117332	4:Ins:R:3	0.11699763009648304	0.08370090670570288	0.799301463197814
Biliary-AdenoCA::SP117332	4:Ins:R:4	0.03663289845210153	0.9633592931824088	7.80836548962962e-06
Biliary-AdenoCA::SP117332	4:Ins:R:5	0.014972930591938816	0.8174321548452622	0.16759491456279899
Biliary-AdenoCA::SP117332	5:Ins:R:0	0.002348988432332161	0.2749233580765217	0.722727653491146
Biliary-AdenoCA::SP117332	5:Ins:R:1	0.0	0.3924432399258991	0.6075567600741009
Biliary-AdenoCA::SP117332	5:Ins:R:2	0.0	0.299554200269664	0.7004457997303359
Biliary-AdenoCA::SP117332	5:Ins:R:3	0.0038426142411507828	0.13392890729232176	0.8622284784665274
Biliary-AdenoCA::SP117332	5:Ins:R:4	0.01551405527891473	0.8605670811965771	0.12391886352450819
Biliary-AdenoCA::SP117332	5:Ins:R:5	0.003193439087975702	0.11427168153921125	0.8825348793728132
Biliary-AdenoCA::SP117332	2:Del:M:1	0.022761670622610225	0.3213710701606844	0.6558672592167053
Biliary-AdenoCA::SP117332	3:Del:M:1	0.005092650615959251	0.2589480006678549	0.7359593487161858
Biliary-AdenoCA::SP117332	3:Del:M:2	0.03393045945151537	0.42623688604591	0.5398326545025747
Biliary-AdenoCA::SP117332	4:Del:M:1	0.006731750014816327	0.1690465143543554	0.8242217356308281
Biliary-AdenoCA::SP117332	4:Del:M:2	0.016615325006410064	0.2230679995171265	0.7603166754764634
Biliary-AdenoCA::SP117332	4:Del:M:3	0.015061215270286712	0.26785390745882476	0.7170848772708885
Biliary-AdenoCA::SP117332	5:Del:M:1	0.00033506571480797725	0.07566932734520852	0.9239956069399834
Biliary-AdenoCA::SP117332	5:Del:M:2	0.00033126801309715467	0.0703402312691002	0.9293285007178028
Biliary-AdenoCA::SP117332	5:Del:M:3	0.0005575136242365128	0.049207760017775395	0.9502347263579881
Biliary-AdenoCA::SP117332	5:Del:M:4	0.0008844338327311551	0.16815445691612455	0.8309611092511443
Biliary-AdenoCA::SP117332	5:Del:M:5	0.0012975051906680861	0.18932921412169257	0.8093732806876394
Biliary-AdenoCA::SP117712	1:Del:C:0	0.0	0.35304610435624895	0.646953895643751
Biliary-AdenoCA::SP117712	1:Del:C:1	0.0	0.244316336183304	0.755683663816696
Biliary-AdenoCA::SP117712	1:Del:C:2	0.0	0.13560642278971238	0.8643935772102876
Biliary-AdenoCA::SP117712	1:Del:C:3	0.0	0.2087048406141931	0.791295159385807
Biliary-AdenoCA::SP117712	1:Del:C:4	0.0	0.23034451252017196	0.769655487479828
Biliary-AdenoCA::SP117712	1:Del:C:5	0.0	0.34690879840041744	0.6530912015995826
Biliary-AdenoCA::SP117712	1:Del:T:0	0.0	0.157276070734503	0.842723929265497
Biliary-AdenoCA::SP117712	1:Del:T:1	0.0	0.15180109223531751	0.8481989077646825
Biliary-AdenoCA::SP117712	1:Del:T:2	0.0	0.21607428138631227	0.7839257186136878
Biliary-AdenoCA::SP117712	1:Del:T:3	0.0	0.2203382230681138	0.7796617769318862
Biliary-AdenoCA::SP117712	1:Del:T:4	0.0	0.3210936305634931	0.6789063694365068
Biliary-AdenoCA::SP117712	1:Del:T:5	0.0	0.9999999988696526	1.1303474181952853e-09
Biliary-AdenoCA::SP117712	1:Ins:C:0	0.0	0.8086446783106145	0.1913553216893855
Biliary-AdenoCA::SP117712	1:Ins:C:1	0.0	0.10164267378679637	0.8983573262132036
Biliary-AdenoCA::SP117712	1:Ins:C:2	0.0	0.6522289853166591	0.3477710146833409
Biliary-AdenoCA::SP117712	1:Ins:C:3	0.0	0.2665604891307988	0.7334395108692012
Biliary-AdenoCA::SP117712	1:Ins:C:4	0.0	0.9999983975850855	1.6024149144558454e-06
Biliary-AdenoCA::SP117712	1:Ins:C:5	0.0	0.9956567928398948	0.004343207160105065
Biliary-AdenoCA::SP117712	1:Ins:T:0	0.0	0.5318021215033294	0.4681978784966706
Biliary-AdenoCA::SP117712	1:Ins:T:1	0.0	0.22710879439201023	0.7728912056079897
Biliary-AdenoCA::SP117712	1:Ins:T:2	0.0	0.22511261709286204	0.774887382907138
Biliary-AdenoCA::SP117712	1:Ins:T:3	0.0	0.2873217588579357	0.7126782411420642
Biliary-AdenoCA::SP117712	1:Ins:T:4	0.0	0.7829584029285616	0.21704159707143847
Biliary-AdenoCA::SP117712	1:Ins:T:5	0.0	0.9576863008685148	0.04231369913148516
Biliary-AdenoCA::SP117712	2:Del:R:0	0.0	0.420084041053071	0.5799159589469289
Biliary-AdenoCA::SP117712	2:Del:R:1	0.0	0.30787347983197433	0.6921265201680257
Biliary-AdenoCA::SP117712	2:Del:R:2	0.0	0.2480000831684748	0.7519999168315252
Biliary-AdenoCA::SP117712	2:Del:R:3	0.0	0.7664880393898648	0.23351196061013518
Biliary-AdenoCA::SP117712	2:Del:R:4	0.0	0.0	1.0
Biliary-AdenoCA::SP117712	2:Del:R:5	0.0	0.0	1.0
Biliary-AdenoCA::SP117712	3:Del:R:0	0.0	0.3835730395165367	0.6164269604834632
Biliary-AdenoCA::SP117712	3:Del:R:1	0.0	0.3651341514874157	0.6348658485125843
